start=735.859000
volume=70.000000
