start=125.174000
volume=75.000000
